[gd_scene load_steps=16 format=3 uid="uid://diadf258e6gvp"]

[ext_resource type="MeshLibrary" uid="uid://bdes1pj8yduq8" path="res://addons/kaykit_halloween_bits/Assets/mesh_library.meshlib" id="1_5snp4"]
[ext_resource type="PackedScene" uid="uid://dgg40efvs8ob7" path="res://addons/kaykit_halloween_bits/Assets/scenes/arch_gate.tscn" id="2_colxi"]
[ext_resource type="PackedScene" uid="uid://d2mdl8xekpo36" path="res://addons/kaykit_halloween_bits/Assets/scenes/coffin.tscn" id="3_fa4qb"]
[ext_resource type="PackedScene" uid="uid://bnl3o5hsj72hi" path="res://addons/kaykit_halloween_bits/Assets/gltf/lantern_standing.gltf" id="4_riklq"]
[ext_resource type="PackedScene" uid="uid://b3queyam2tq8d" path="res://addons/kaykit_halloween_bits/Assets/gltf/pumpkin_orange_jackolantern.gltf" id="5_j7j0p"]
[ext_resource type="PackedScene" uid="uid://db3u1xninytxg" path="res://addons/kaykit_halloween_bits/Assets/gltf/pumpkin_orange_small.gltf" id="6_vrl4o"]
[ext_resource type="PackedScene" uid="uid://jmm7s8hn8vod" path="res://addons/kaykit_halloween_bits/Assets/gltf/gravemarker_B.gltf" id="7_b4hj6"]
[ext_resource type="PackedScene" uid="uid://dqaqpo6i8bqfp" path="res://addons/kaykit_halloween_bits/Assets/gltf/gravemarker_A.gltf" id="8_xcy46"]
[ext_resource type="PackedScene" uid="uid://dyqhhif0s4ya3" path="res://addons/kaykit_halloween_bits/Assets/gltf/pumpkin_yellow_jackolantern.gltf" id="9_miui7"]
[ext_resource type="PackedScene" uid="uid://wcmqi1i4jqbb" path="res://addons/kaykit_halloween_bits/Assets/gltf/pumpkin_orange.gltf" id="10_wnn8v"]
[ext_resource type="PackedScene" uid="uid://py5m8r2w3fbn" path="res://addons/kaykit_halloween_bits/Assets/gltf/pumpkin_yellow_small.gltf" id="11_njad6"]
[ext_resource type="PackedScene" uid="uid://d3pwl04xhm2ly" path="res://addons/kaykit_halloween_bits/Assets/gltf/bench.gltf" id="12_3wmcb"]
[ext_resource type="PackedScene" uid="uid://cgoyli726qqsp" path="res://addons/kaykit_halloween_bits/Assets/gltf/bone_A.gltf" id="13_lf4m5"]
[ext_resource type="PackedScene" uid="uid://0inflbybd1i4" path="res://addons/kaykit_halloween_bits/Assets/gltf/bone_B.gltf" id="14_ni7vx"]
[ext_resource type="PackedScene" uid="uid://bdjjr7ucd1q0l" path="res://addons/kaykit_halloween_bits/Assets/gltf/skull.gltf" id="15_42wt7"]

[node name="Demo" type="Node3D"]

[node name="FloorGridMap" type="GridMap" parent="."]
mesh_library = ExtResource("1_5snp4")
cell_size = Vector3(1, 1, 1)
cell_center_x = false
cell_center_y = false
cell_center_z = false
data = {
"cells": PackedInt32Array(0, 0, 22, 4, 0, 22, 8, 0, 22, 4, 65532, 22, 4, 65528, 22, 8, 65528, 22, 8, 65532, 22, 65532, 0, 22, 65528, 0, 22, 65532, 65532, 22, 65528, 65532, 22, 65528, 65528, 22, 65532, 65528, 22, 4, 65524, 22, 0, 65524, 22, 65532, 65524, 22, 65528, 65524, 22, 8, 65524, 22, 12, 65528, 22, 12, 65532, 22, 12, 0, 22, 12, 4, 22, 12, 8, 22, 8, 8, 22, 8, 4, 22, 4, 4, 22, 4, 8, 22, 0, 8, 22, 0, 4, 22, 65532, 4, 22, 65532, 8, 22, 65528, 8, 22, 65528, 4, 22, 65524, 65524, 22, 65524, 65528, 22, 65524, 65532, 22, 11, 65525, 23, 11, 11, 23, 8, 12, 22, 4, 12, 22, 0, 12, 22, 0, 16, 22, 3, 15, 23, 65533, 15, 23, 65532, 12, 22, 65524, 12, 22, 65524, 8, 22, 65525, 15, 23, 65527, 15, 23, 65529, 15, 23, 65528, 12, 21, 65524, 0, 22, 0, 65532, 655382, 0, 65528, 655382)
}

[node name="PathGridMap" type="GridMap" parent="."]
mesh_library = ExtResource("1_5snp4")
cell_size = Vector3(1, 1, 1)
cell_center_x = false
cell_center_y = false
cell_center_z = false
data = {
"cells": PackedInt32Array(65535, 65534, 1441825, 1, 65534, 32, 1, 0, 1441824, 1, 2, 655392, 1, 4, 1048608, 1, 6, 32, 1, 8, 1441824, 1, 10, 655392, 65535, 0, 1048609, 65535, 2, 33, 65535, 4, 1441825, 65535, 6, 655393, 65535, 8, 1048609, 65535, 10, 33, 1, 12, 34, 65535, 12, 32, 65535, 14, 35, 65533, 0, 33, 65529, 0, 1441825, 65531, 0, 1441824, 65527, 0, 1441827)
}

[node name="StructuresGridMap" type="GridMap" parent="."]
mesh_library = ExtResource("1_5snp4")
cell_size = Vector3(1, 1, 1)
cell_center_x = false
cell_center_y = false
cell_center_z = false
data = {
"cells": PackedInt32Array(65526, 2, 1048590, 65526, 6, 1048590, 65526, 65534, 1048590, 65528, 8, 15, 65532, 8, 14, 4, 8, 14, 8, 8, 14, 10, 6, 1441806, 10, 2, 1441807, 65530, 65534, 28, 65528, 2, 38, 6, 65534, 37, 6, 65530, 49, 65530, 65530, 50, 6, 2, 29, 5, 65525, 60, 4, 65529, 58, 7, 65528, 59, 65525, 65528, 57, 65528, 65526, 61, 65523, 0, 62, 65524, 65531, 58, 65526, 65530, 59, 65528, 65528, 53, 65531, 65526, 1048631, 65527, 7, 53, 8, 7, 655413, 65532, 11, 39, 262140, 12, 30, 9, 65525, 55, 12, 65529, 655415, 4, 65533, 26, 5, 65532, 1048629, 65528, 4, 655362, 65530, 2, 1048578, 6, 3, 3, 9, 65533, 12, 0, 65530, 13, 12, 2, 62)
}
metadata/_editor_floor_ = Vector3(0, 0, 0)

[node name="Decorations" type="Node3D" parent="."]

[node name="arch_gate" parent="Decorations" instance=ExtResource("2_colxi")]
transform = Transform3D(1, 0, 0, 0, 1, 0, 0, 0, 1, 0, 0, 8)

[node name="arch_gate_left" parent="Decorations/arch_gate/arch_gate2" index="0"]
transform = Transform3D(0.5, 0, 0.866025, 0, 1, 0, -0.866025, 0, 0.5, 1.5, 0, 0)

[node name="coffin" parent="Decorations" instance=ExtResource("3_fa4qb")]
transform = Transform3D(0.866025, 0, 0.5, 0, 1, 0, -0.5, 0, 0.866025, -11, 0, 12)

[node name="coffin_lid" parent="Decorations/coffin/coffin2" index="0"]
transform = Transform3D(0.866025, 0, 0.5, 0, 1, 0, -0.5, 0, 0.866025, -0.49641, 0, 0.0598078)

[node name="lantern_standing" parent="Decorations" instance=ExtResource("4_riklq")]
transform = Transform3D(0.866025, 0, 0.5, 0, 1, 0, -0.5, 0, 0.866025, -9.5, 0, 14.5)

[node name="pumpkin_orange_jackolantern" parent="Decorations" instance=ExtResource("5_j7j0p")]
transform = Transform3D(1, 0, 0, 0, 1, 0, 0, 0, 1, -4.6, 0, 10)

[node name="pumpkin_orange_small" parent="Decorations" instance=ExtResource("6_vrl4o")]
transform = Transform3D(1, 0, 0, 0, 1, 0, 0, 0, 1, -4.9, 0, 11)

[node name="gravemarker_B" parent="Decorations" instance=ExtResource("7_b4hj6")]
transform = Transform3D(1, 0, 0, 0, 1, 0, 0, 0, 1, -7.9, 0, 9.7)

[node name="gravemarker_A" parent="Decorations" instance=ExtResource("8_xcy46")]
transform = Transform3D(0.939693, 0, 0.34202, 0, 1, 0, -0.34202, 0, 0.939693, 7.5, 0, 10.2)

[node name="gravemarker_B2" parent="Decorations" instance=ExtResource("7_b4hj6")]
transform = Transform3D(1, 0, 0, 0, 1, 0, 0, 0, 1, 8.8, 0, 9.8)

[node name="pumpkin_yellow_jackolantern" parent="Decorations" instance=ExtResource("9_miui7")]
transform = Transform3D(1, 0, 0, 0, 1, 0, 0, 0, 1, 5.9, 0, 10.4)

[node name="pumpkin_orange" parent="Decorations" instance=ExtResource("10_wnn8v")]
transform = Transform3D(0.939693, 0, 0.34202, 0, 1, 0, -0.34202, 0, 0.939693, 4.7, 0, 10.6)

[node name="pumpkin_yellow_small" parent="Decorations" instance=ExtResource("11_njad6")]
transform = Transform3D(0.642788, 0, 0.766044, 0, 1, 0, -0.766044, 0, 0.642788, 5.4, 0, 11.2)

[node name="bench" parent="Decorations" instance=ExtResource("12_3wmcb")]
transform = Transform3D(0.258819, 0, -0.965926, 0, 1, 0, 0.965926, 0, 0.258819, 11.8, 0, 8.5)

[node name="bone_A" parent="Decorations" instance=ExtResource("13_lf4m5")]
transform = Transform3D(0.906308, 0, 0.422618, 0, 1, 0, -0.422618, 0, 0.906308, 9.6, 0, 9.6)

[node name="gravemarker_A2" parent="Decorations" instance=ExtResource("8_xcy46")]
transform = Transform3D(0.866025, 0, 0.5, 0, 1, 0, -0.5, 0, 0.866025, 11.9, 0, -5.4)

[node name="pumpkin_orange_small2" parent="Decorations" instance=ExtResource("6_vrl4o")]
transform = Transform3D(1, 0, 0, 0, 1, 0, 0, 0, 1, 12.4, 0, -5.2)

[node name="pumpkin_orange_jackolantern2" parent="Decorations" instance=ExtResource("5_j7j0p")]
transform = Transform3D(1, 0, 0, 0, 1, 0, 0, 0, 1, 9, 0, -8.9)

[node name="pumpkin_orange_small3" parent="Decorations" instance=ExtResource("6_vrl4o")]
transform = Transform3D(1, 0, 0, 0, 1, 0, 0, 0, 1, 8.4, 0, -8)

[node name="pumpkin_orange_jackolantern3" parent="Decorations" instance=ExtResource("5_j7j0p")]
transform = Transform3D(1, 0, 0, 0, 1, 0, 0, 0, 1, -8.8, 0, -3.2)

[node name="pumpkin_orange_small4" parent="Decorations" instance=ExtResource("6_vrl4o")]
transform = Transform3D(1, 0, 0, 0, 1, 0, 0, 0, 1, -9.4, 0, -2.4)

[node name="bone_B" parent="Decorations" instance=ExtResource("14_ni7vx")]
transform = Transform3D(0.590099, 0, -0.807331, 0, 1, 0, 0.807331, 0, 0.590099, 7.25656, 4.76837e-07, 2.80986)

[node name="skull" parent="Decorations" instance=ExtResource("15_42wt7")]
transform = Transform3D(0.69034, 0, 0.723485, 0, 1, 0, -0.723485, 0, 0.69034, -9.78456, 0, 10.8882)

[editable path="Decorations/arch_gate"]
[editable path="Decorations/coffin"]
